4294967279,64
4294967279,63
4294967279,62
4294967279,61
4294967279,60
4294967279,59
4294967279,58
4294967279,56
4294967279,52
4294967279,51
4294967279,50
4294967279,49
4294967279,46
4294967279,45
4294967279,43
4294967279,41
4294967279,40
4294967279,39
4294967279,37
4294967279,36
4294967279,34
4294967279,33
4294967279,31
4294967279,30
4294967279,29
4294967279,28
4294967279,27
4294967279,25
4294967279,24
4294967279,22
4294967279,21
4294967279,20
4294967279,18
4294967279,16
4294967279,15
4294967279,13
4294967279,12
4294967279,11
4294967279,9
4294967279,259
4294967278,356
4294967294,76
4294967294,41
4294967294,43
4294967294,51
4294967294,52
4294967294,83
4294967278,319
4294967278,353
4294967278,317
4294967278,132
4294967278,131
4294967278,130
4294967278,129
4294967278,128
4294967278,127
4294967278,125
4294967278,124
4294967278,122
4294967278,121
4294967278,118
4294967278,116
4294967278,115
4294967278,114
4294967278,113
4294967278,112
4294967278,111
4294967278,108
4294967278,106
4294967278,105
4294967278,104
4294967278,103
4294967278,101
4294967278,98
4294967278,96
4294967278,95
4294967278,94
4294967278,93
4294967278,92
4294967278,91
4294967278,86
4294967278,84
4294967278,83
4294967278,82
4294967278,81
4294967278,79
4294967278,78
4294967278,77
4294967278,76
4294967278,75
4294967278,74
4294967278,73
4294967278,72
4294967278,71
4294967278,70
4294967278,69
4294967278,337
4294967278,68
4294967278,375
4294967278,67
4294967278,361
4294967278,66
4294967278,65
4294967278,64
4294967278,63
4294967278,62
4294967278,61
4294967278,0
4294967279,82
4294967279,78
4294967279,77
4294967279,75
4294967279,72
4294967279,70
4294967279,68
4294967279,66
4294967279,57
4294967279,55
4294967279,54
4294967279,53
4294967279,407
4294967279,48
4294967279,47
4294967279,295
4294967279,44
4294967279,42
4294967279,293
4294967279,38
4294967279,430
4294967279,35
4294967279,429
4294967279,32
4294967279,442
4294967279,26
4294967279,278
4294967279,23
4294967279,0
4294967279,401
4294967279,19
4294967279,289
4294967279,17
4294967279,14
4294967279,235
4294967279,10
4294967279,8
4294967279,7
4294967279,261
4294967279,6
4294967279,275
4294967279,5
4294967279,281
4294967279,4
4294967278,126
4294967278,255
4294967278,380
4294967278,123
4294967278,314
4294967278,252
4294967294,186
4294967294,971
4294967294,5
4294967278,120
4294967278,249
4294967278,119
4294967278,246
4294967278,247
4294967278,244
4294967294,1032
4294967278,117
4294967278,242
4294967278,243
4294967278,240
4294967278,237
4294967294,469
4294967294,417
141,5
4294967278,236
141,4
141,3
141,2
141,1
4294967279,313
4294967278,234
4294967294,89
4294967278,110
4294967278,231
4294967278,109
4294967278,229
4294967278,226
4294967278,107
4294967278,224
4294967278,225
4294967278,222
4294967278,218
4294967278,214
4294967278,216
4294967294,1420
4294967294,975
4294967278,297
4294967278,346
4294967278,102
4294967294,8
4294967294,394
4294967294,24
4294967294,6
4294967294,81
4294967278,100
4294967294,7
4294967278,379
4294967278,99
4294967278,211
4294967278,312
4294967278,210
4294967294,1422
4294967278,97
4294967278,209
4294967278,378
4294967278,208
4294967278,206
139,5
4294967278,205
139,4
4294967294,9
139,3
139,2
139,1
4294967279,304
4294967278,204
4294967294,22
4294967278,90
4294967278,365
4294967278,80
4294967294,50
4294967294,387
4294967294,392
4294967294,46
4294967294,389
4294967278,89
4294967278,344
4294967294,17
4294967294,67
4294967294,99
4294967278,87
4294967278,377
4294967278,199
4294967294,120
4294967278,85
4294967278,198
4294967278,308
4294967278,197
4294967278,196
4294967294,1022
4294967294,29
4294967294,1019
4294967294,988
4294967294,28
4294967294,989
4294967294,27
4294967294,90
4294967294,1021
4294967294,470
4294967294,25
4294967294,1020
4294967294,86
4294967294,26
4294967294,2
4294967294,84
4294967294,426
4294967294,0
4294967294,393
4294967294,1035
4294967294,82
4294967294,36
4294967294,1419
4294967294,39
4294967278,341
4294967279,417
4294967278,304
4294967279,307
0,5
4294967294,94
4294967294,93
4294967294,96
4294967278,193
4294967294,95
4294967294,42
4294967278,195
138,5
138,4
0,7
4294967278,194
138,3
138,2
138,1
4294967278,292
4294967278,287
137,6
137,5
137,4
137,3
137,2
137,1
4294967278,381
4294967279,445
4294967278,374
134,4
134,3
134,2
134,1
132,4
132,3
